%PDF-1.7
1 0 obj
<<
/Length 2 0 R
>>
stream
237 620 m
237 620 237 620 237 120 237 120 c
237 120 237  35 226  24 143  19 c
143  19 143  19 143   0 143   0 c
143   0 143   0 435   0 435   0 c
435   0 435   0 435  19 435  19 c
435  19 353  23 339  36 339 109 c
339 109 339 108 339 620 339 620 c
339 620 339 620 393 620 393 620 c
393 620 507 620 529 602 552 492 c
552 492 552 492 576 492 576 492 c
576 492 576 492 570 662 570 662 c
570 662 570 662   6 662   6 662 c
  6 662   6 662   0 492   0 492 c
  0 492   0 492  24 492  24 492 c
 24 492  48 602  71 620 183 620 c
183 620 183 620 237 620 237 620 c
S
endstream
endobj
2 0 obj
1000
endobj
4 0 obj
<<
/Type /Page
/Parent 5 0 R
/Contents 1 0 R
>>
endobj
5 0 obj
<<
/Kids [4 0 R]
/Count 1
/Type /Pages
/MediaBox [0 0 612 792]
>>
endobj
3 0 obj
<<
/Pages 5 0 R
/Type /Catalog
>>
endobj
xref
0 6
0000000000 65535 f
0000000100 00000 n
0000000200 00000 n
0000000500 00000 n
0000000300 00000 n
0000000400 00000 n
trailer
<<
/Size 6
/Root 3 0 R
>>
startxref
1000
%%EOF
